2063
1855
2696
2623
2658
1728
2000
2602
1598
2420
2526
2460
1743
2638
1330
2537
1941
2271
1279
2359
1681
1636
2377
1636
1778
2510
2335
2421
2267
2638
1749
2635
1289
2368
2432
2439
2087
2683
2619
2353
1984
2102
1587
2582
1710
1622
2240
2059
2684
2292
2475
2264
2754
2612
2643
2007
2381
2866
2317
2179
2263
2389
1415
1901
2847
2181
1503
2472
1776
2362
2592
2530
2759
1284
2823
2372
2571
1314
1825
2383
2560
2495
2832
2097
1773
2860
2833
1262
1867
1662
1892
2775
2817
2757
2585
2874
2779
2328
1511
2388
2232
1616
2131
2486
2733
2592
2499
2368
1692
2215
1687
2234
1742
2697
2051
1788
2602
2707
2790
2884
2564
1810
2253
2615
2846
2166
2689
2645
2298
2603
2222
2595
2594
2404
1565
2590
2336
1869
1505
1898
2643
2140
1474
2914
2021
2615
2056
2480
2097
2576
1257
1796
1868
2515
2874
2584
2262
1398
2368
2274
1678
2516
2782
1777
2769
2481
1285
2052
2351
2384
2349
2670
1795
2847
2470
2733
1914
2410
2299
2303
2508
2361
2767
2487
2586
2695
1898
2586
2321
2831
2718
2137
2251
2646
2439
2257
2586
2580
2317
2242
2611
1352
2268
2601
1775
2262
1324
2559
2218
2566
2506
1492
2246
1985
2197
2532
2803
2368
2753
2591
2626
2777
2399
2521
2323
2439
2634
2126
2675
2609
2732
2707
2270
2501
2777
2824
2084
2554
2875
2285
2367
2661
1814
2330
2595
2650
2701
2019
2438
2601
2459
2591
1498
1792
2378
2802
2873
2797
2332
1776
2852
1294
2027
1877
2253
1510
1770
2305
2818
2355
2333
1418
2287
2825
1583
2631
2132
2474
2274
2677
2351
2521
1868
2406
2677
2088
2638
2718
2837
2329
1992
2537
2147
2483
1323
2683
2361
1609
1742
2250
2021
2500
2538
2773
2837
1516
2850
1991
2669
2769
2406
2611
2034
2619
2807
2242
2494
2099
2620
2004
2312
2797
2709
2248
2235
2349
2674
2572
2503
2521
2453
2716
2381
1891
2518
2822
1566
2884
1915
2191
2425
2658
2563
2087
2441
2643
2058
2237
2503
2505
2486
2054
1497
2298
2477
2381
2497
2852
2604
2360
1947
2510
2550
2525
2752
1936
2790
2475
1543
1893
2439
2852
2758
2461
1505
1587
2362
2267
1441
2530
1250
2662
1502
2637
2183
2843
2383
2893
2836
2733
2516
1488
1682
1780
1766
2854
1557
2494
2320
1818
1536
2503
2878
2329
2201
2018
2793
2001
2287
2831
2659
2090
2667
2618
2744
2843
2716
1543
2783
1940
1791
1864
2660
2610
1490
2632
2277
2801
2475
2517
2274
2047
2302
2481
2079
2786
1936
1916
2559
2220
2068
2470
1373
2578
2669
2368
2707
2769
1855
2253
2601
2422
1336
2231
1557
2251
1862
1537
2617
1771
2787
2367
2303
2153
2338
2610
2612
2790
2801
2810
1701
2314
2699
2302
2847
2263
2246
2416
2153
2499
1845
1763
2778
2550
2218
1891
2876
2355
2642
1966
2568
1703
1455
2218
2528
1708
2434
2728
2507
1776
2152
2540
2825
2367
1852
2846
2082
1940
2857
2264
2811
2098
2251
2471
2362
1288
2557
2499
2790
2805
2535
2050
2177
2659
2427
2664
2749
2753
2769
2646
1647
2494
2734
2189
2651
1517
2634
2586
1801
2460
2196
2638
2544
1276
2070
2501
1761
2178
2049
2810
2254
2840
2509
2808
2231
2816
2771
1578
1747
1866
2049
2481
2791
1270
2293
2098
1846
2861
1768
2582
2707
2768
2175
2864
2509
2356
2460
2575
2092
2613
2882
2546
2447
2793
1949
1678
2713
2643
2205
2602
2005
2775
1477
2730
1309
2585
2739
2420
2221
2585
2538
2239
2434
2809
2629
2161
1765
2784
1791
1941
2082
2660
2160
1684
2914
2663
2669
2409
2105
2796
2646
2601
2326
1852
1793
2414
1638
2704
2611
1941
2158
2802
2685
1498
2635
2567
2698
2291
2794
2459
2244
2608
2740
2500
1715
2310
2438
2318
1700
2459
2417
2220
2542
2161
1713
2825
2758
2381
2593
1650
2140
2611
1898
2259
1455
2266
2161
2374
1644
1762
2104
1648
1726
2686
2822
2579
2611
1699
2197
2368
2236
2743
2411
1948
2256
2179
1433
2669
2837
2199
2270
1879
2244
2677
2260
2861
2764
2824
2800
2582
2676
1253
2617
2525
2661
2007
2721
2628
2661
1894
2424
2112
2539
2159
2242
2720
2095
2801
2284
1936
2857
2486
1273
2811
2376
1331
1598
1385
1511
2160
1498
1504
2760
1557
2482
2708
1519
2661
2116
2624
2261
2881
2532
2005
1462
2442
1439
2453
2820
2268
2410
1487
2720
1875
2506
1510
1727
2747
2373
2552
2138
1787
2840
2521
2659
1907
1308
2244
2679
2733
2574
2839
2332
2521
2717
2784
2544
2563
1933
2713
2587
1914
2584
2521
2507
1730
1816
1656
1736
2368
2813
2560
2613
1939
2325
2549
2070
2698
2383
2726
2831
1931
1314
2552
2293
2422
2085
1565
2434
2617
2174
2544
1778
2588
2183
2265
2646
2406
2882
2593
2404
1568
1582
1651
2736
2509
2749
2791
2035
2638
2806
1915
2302
1957
1675
2748
1538
1579
1772
2540
1761
1408
1271
2301
2611
2737
2781
2750
2572
2870
2233
1765
2332
2729
2712
2383
2557
2519
2455
2384
2680
1705
2553
2470
2127
2724
2173
1356
1561
1907
2589
2674
2371
2859
1633
1520
2373
2608
2775
2478
1676
2308
1444
2005
2070
2338
2424
2246
2498
2215
2666
2900
2172
2000
2247
1802
2783
2776
2341
2326
2611
2675
1681
1658
2451
2455
2738
1721
2848
2106
2610
2796
1717
1367
2593
1665
2260
2638
2113
2530
2179
2587
2425
1356
2027
2842
2903
2788
2348
2399
2822
2004
2703
2687
2553
2448
2244
1782
2825
2524
2082
1520
2076
1992
2277
2319
2062
2407
1516
2589
2123
1933
2043
2132
2116
2606
2476
1949
1625
2070
1485
2502
1341
2371
2091
2529
1964
2404
2083
2783
2146
2878
2821
2259
1277
2194
1777
2746
1666
2837
1495
2611
2204
2167
2523
2791
2716
2543
2783
2425
2620
2311
2266
2307
1865
2349
2741
2565
2847
1327
2182
2172
1554
2585
2226
1685
2233
2740
1754
2496
2613
2746
2765
1721
2374
1490
1717
2859
2517
1900
2631
1648
2587
2633
2741
2096
2223
1595
1335
2784
2397
2085
2832
2053
2782
1323
2819
2618
2301
2458
2739
2093
2432
1312
2542
1305
2160
2576
1270
2229
2039
2001
2791
2853
2237
2090
2521
2747
1964
2431
2842
2426
2778
2791
2853
2085
2569
2049
2601
2601
1619
2705
1572
2451
2877
1876
2882
2021
2360
2750
2547
1701
2526
2165
2319
2883
2356
2866
2239
2248
1794
2158
2825
1575
1398
1764
2267
2775
2310
2451
2787
1653
2474
2608
2261
2158
2452
1635
2374
1653
1873
2459
2570
2431
1586
2683
2619
2444
2673
1936
2014
1606
1273
2285
2563
2540
2642
2123
2831
2707
2224
2741
2348
2785
2612
2256
2611
2113
2147
2300
1511
2315
1707
2550
2090
2457
2607
2869
2774
1651
2362
2709
2578
2624
1800
2838
2203
1914
2030
2790
2031
2334
1517
2410
2510
2741
1492
1665
1579
2806
2510
1631
1789
1894
1988
2831
2419
2675
2632
2832
2313
2362
2082
2733
2601
2235
2229
2764
2587
2647
2556
1615
2721
2679
1445
1528
2503
2693
1870
2167
2043
2227
2778
2108
2424
2937
2494
2237
2362
2661
1997
2374
2414
2749
2547
1561
2856
2068
2451
2088
2699
2663
2716
2816
2179
1496
2557
2506
2500
2574
1875
2818
2838
2623
2027
1753
2231
1932
1394
1494
1871
2630
2751
2811
1621
1516
2058
2206
1978
2439
1860
2689
1327
2481
2294
2297
2590
1586
2601
2350
2079
2246
2674
2605
1974
2698
1935
2299
1611
2721
2593
2419
2005
2469
2708
2541
1715
1528
1562
1596
2215
2881
2453
2825
2742
1435
2254
2138
2512
2722
2914
2752
2579
2732
2219
2690
1340
2030
1985
2054
2370
2025
2389
2797
2367
2678
1984
2809
1907
2556
1502
1647
2576
2358
1277
1529
2417
1706
2673
1707
2751
2915
2701
2243
1695
2610
2589
2601
2199
2601
2738
2363
2095
2781
2445
1840
2552
2324
2019
1897
2521
2799
2405
2223
2482
1667
2054
2881
2476
2802
2279
1593
2517
2617
2355
2611
1453
2588
1293
2882
2756
1946
1257
2320
2758
2287
1740
2675
2879
2748
2083
2390
2602
2626
2893
2236
2654
1276
2431
2417
2496
2706
2359
1514
2407
2768
1255
2014
2265
2857
2078
1422
2589
1412
2482
1313
2779
1765
2611
2705
2035
1641
2083
1302
1595
2428
1987
2243
2733
2706
2838
2837
1556
2306
2865
2774
2768
2238
2075
2869
2467
2717
1644
2512
2782
1286
2559
1488
2451
2070
2239
2877
2840
1644
2789
1273
1413
2445
2395
2787
2583
2843
1466
1841
2251
2305
2586
2252
2622
2297
2742
2606
1667
2741
1915
2389
2824
2689
2734
2871
2216
2355
1310
1512
2678
2861
2780
1517
2141
2732
2812
2456
2541
2686
1623
2529
2385
2685
1683
2466
2725
2167
1852
2501
2732
1471
2090
2679
2610
1599
2705
2743
1257
2565
2615
2799
2626
2536
1750
2631
1713
1373
2524
2699
2549
2601
2498
2513
1801
2421
2608
2381
2461
2456
2737
2698
2553
2522
2393
2425
2087
2363
1893
2047
1726
1767
2675
2594
2119
2587
2497
2306
1897
2573
2264
2539
2654
1923
2450
2646
2119
2818
1999
2365
2630
2769
2150
2741
2663
2800
2682
2093
2518
2040
2158
2388
2410
2251
2415
1606
2497
2220
2839
2569
1641
2510
2541
2614
2302
2397
1736
1848
1859
2194
2580
1846
1810
2453
2376
2362
2190
1648
2692
2355
1606
2774
1292
2440
1514
2532
1536
2607
2162
1460
2859
1869
2638
2829
2368
2319
2812
1968
1914
1818
2638
2848
2761
2573
2611
2829
2733
1487
2776
2741
2228
2819
2285
2263
1522
2738
2487
2768
1790
1692
2706
2903
2528
2759
2081
1641
2133
2098
2253
1878
2552
2740
2644
2250
2382
1875
2678
1642
2136
2760
2708
2395
2364
2090
2510
1584
2784
2247
1478
2608
2123
1714
2607
2693
1810
2683
1453
2213
2247
1285
2342
2469
2829
2329
2189
2837
2709
2733
1320
2443
2766
1998
1792
2459
1990
2866
1410
1901
1971
2417
2735
2737
2584
2714
1806
2477
2788
2559
2549
2547
2737
1999
2767
2423
2845
2441
2733
2263
2224
1953
2540
1500
2850
2149
2074
2086
1593
2561
2279
2929
2643
2147
2554
1574
2274
2690
2814
2770
2580
2588
2089
2261
2861
2882
2684
2430
2130
1866
2663
2177
2613
2003
2556
2295
2575
2818
2679
1513
2418
1795
2001
1638
2867
1654
1825
2455
2788
2713
1624
2586
2235
1993
2380
2662
2518
1746
2733
1702
2661
2880
2291
2862
2699
2531
1555
2326
2091
2236
2236
2166
1927
2524
2869
2631
2797
2806
2224
2025
2795
2676
1665
2774
2771
1669
2361
2835
1386
2071
1895
2050
1622
2367
2338
2535
2265
2678
2585
2462
2150
1462
2453
2279
2612
2825
2729
2574
2872
2024
1255
2516
2616
1863
2791
1807
2685
2676
1684
2137
1310
2144
2601
2299
2810
2239
2615
2528
2381
2875
1927
2361
2558
1893
2406
2867
2613
2829
2359
2302
2751
2747
2799
2058
2874
2814
2796
2659
2204
2657
1867
2820
2681
1264
1711
2665
1341
2205
2656
2839
1854
2677
2741
2816
1663
2523
2865
2357
1904
2236
2244
2095
2369
2826
2233
1707
2582
2735
2761
2742
1956
2634
2285
2691
2003
2464
1768
2749
2859
2188
1869
2382
1907
1708
2424
2231
1700
2583
2355
1765
1551
2091
2723
2740
2132
2456
2619
2455
2877
2718
1724
2481
2612
1667
2517
2802
2419
2802
2626
1861
2468
2503
2248
1297
1904
2695
2560
2434
2254
2085
2543
2896
2012
2076
2662
2808
2627
2557
2377
2537
2886
2237
2178
2349
2177
2055
2779
2606
2864
2241
1677
2853
1372
2725
1777
2298
2540
2165
2556
1330
2825
2846
1779
2809
2590
2126
2801
2880
2721
2187
2113
1918
2574
2193
2103
2384
2594
2699
1627
2701
2730
2722
2772
2778
2712
2868
2531
2686
1489
2185
1765
2558
2691
2567
2011
2789
2248
1799
1290
2456
2480
2691
2231
2269
2544
1891
2634
2741
2633
2593
2768
2039
1550
2738
1510
1949
2562
1916
2874
2868
2437
2606
1790
1878
2440
2447
2873
2388
2352
1878
2285
2244
2201
2089
2454
2805
2229
2339
2406
2560
2119
2271
2530
1687
2433
2249
1549
2601
2495
2720
2452
2332
2099
2570
2669
2356
2601
1705
2449
2525
2753
1617
2395
2681
2247
2795
2752
1258
1665
2619
2361
2738
2476
1520
2662
2743
1519
2564
2792
2539
2310
2707
2521
1962
2523
2570
2427
2095
2821
2588
2546
2550
2321
2516
2040
1894
1849
2521
2005
2876
2320
2542
1577
2487
2517
2433
2095
2834
2521
2480
2417
2190
2225
2601
2454
2700
2196
2726
2877
2817
1769
2054
2365
2090
2736
2712
2306
2137
1756
2675
2658
1335
2225
2611
2523
2644
2159
1429
2576
1703
1938
2635
1765
2315
2627
1268
1334
1280
2744
1734
1257
2604
2747
1700
2531
2341
2558
2770
1269
2242
1251
1431
2780
2263
2676
2461
2556
2824
2714
1707
1950
2716
2601
1313
2556
2446
1809
2159
2076
2846
2865
2560
2433
2399
2469
2688
2728
2560
2084
2684
2700
2246
2812
2492
2431
2360
2122
2533
2296
2646
1764
1352
1484
2762
2144
1662
2146
2161
1312
2548
2405
2532
2621
2601
1714
2796
2661
1280
2313
2479
2065
2159
2674
2035
1461
1391
2236
2849
2795
2580
1746
2261
2370
2678
2725
2307
2528
2774
2634
2754
2440
1784
2755
1492
2098
2247
1622
1726
1811
1285
2802
2474
1709
2625
1707
2772
1566
1528
2118
1739
1796
2226
2742
2575
1530
2243
2245
2605
2590
1553
2246
1291
2009
2772
2836
1581
1870
1985
1342
2502
2521
2795
2313
2849
2229
2175
1584
2624
2543
2335
2216
2790
2183
1651
2549
2134
2801
1730
2166
2292
2825
1904
2119
1948
2523
2448
1378
2042
1948
2765
2447
2507
2701
2664
1864
2852
2356
2235
2658
2509
2053
2832
2616
1786
1323
2454
2256
2098
2560
2670
2801
2742
2116
2713
2771
2601
2376
1261
2481
1305
2593
2361
2182
2618
1813
2473
2715
2452
2259
2701
1957
1345
2203
2848
2752
2714
1266
2592
2606
1695
1715
2775
2558
1392
1974
2433
2567
2495
2080
1776
2101
2733
2103
1289
2682
2073
2154
2832
1484
2454
2664
2236
2460
2781
2842
2251
2096
1846
2118
2745
2250
2293
2050
2247
2693
2325
1577
1734
2613
2532
2764
2159
1539
1870
2868
2866
2631
2799
2404
2737
1299
2545
2383
2759
2812
2424
1670
2613
1985
2843
1879
2587
2293
2488
2665
1812
2096
2414
2368
2044
2736
1893
1753
2873
2797
2867
2586
2571
1793
2543
2529
2839
1306
2818
2326
2515
2289
2822
2619
2492
2363
2553
2638
2679
2622
1701
2525
2155
1542
2377
2277
2054
1914
1838
1894
2550
2804
2567
2672
2372
2325
2815
2745
2434
2485
2538
1431
2558
2715
2531
2360
1417
2256
2810
2822
2538
2891
1992
2581
2288
2689
2472
2395
2877
1942
2842
2498
1774
2226
1551
2004
2793
2787
1727
2381
2525
1799
2328
1540
2444
1461
2828
2440
1947
2163
2355
2306
2690
2224
2292
1708
1921
2402
1512
2078
1692
1520
2209
2367
1959
2097
2248
2231
2318
1439
2302
2602
2425
2345
1483
2712
1813
1706
1294
1957
2424
1692
2287
2141
1462
2874
1360
2787
1836
2717
2826
2874
2865
2003
1263
2621
2687
2557
2872
2755
2781
2292
2013
2534
2390
2632
2218
2435
2460
2659
2361
2371
2413
2707
2396
2558
1517
1469
2574
2508
2364
2267
1729
2422
2823
1688
2032
2306
2590
2840
2783
1419
2672
2230
2237
1500
2528
2611
2851
2661
2512
2608
2796
2306
2753
2751
2601
1572
2514
2828
2623
2086
2158
2097
2807
2705
2588
2271
2837
2601
2875
2525
2536
1487
2120
2094
2238
2299
1390
2124
2816
2036
2343
2087
2592
2771
2250
2637
1938
2428
1527
2273
2470
2875
2392
2672
2385
2284
2601
2281
2385
2300
2372
1812
1848
2098
2686
2850
2636
1718
2815
2032
2839
2098
2580
2867
2809
1513
2307
1360
2530
2111
2845
2131
1514
2774
2147
2493
2790
2032
2441
1682
2663
2538
1698
1753
2076
1774
2607
2882
2316
1506
1786
2768
2807
2643
2753
1716
2673
2722
2867
2678
2844
2213
1522
2450
2590
2802
1502
2837
2533
2728
2867
2749
2877
1499
2536
1272
2847
2601
2606
2338
2715
2678
2692
2758
2521
2356
1257
1286
2858
1466
1950
2487
2740
2256
2621
1822
2168
2734
1892
2310
2081
2315
2795
2342
2141
2520
2848
2606
2070
1399
2611
2805
2334
2525
2919
2120
2460
2187
1993
2449
2873
2631
2565
2552
1279
1893
2254
2284
2839
2475
2160
2582
2745
2219
2244
2602
2593
2216
2705
2835
2358
2271
2812
2486
1914
2751
2559
2486
1485
1845
2842
1740
2681
2601
2720
1934
2144
2357
1700
2830
2757
2666
2583
2867
2744
1664
1497
1568
2291
1853
2541
2860
2582
2733
2274
2922
2158
2759
2218
2632
2588
1977
2069
2853
2717
1298
2412
2422
2819
2609
2601
2693
2675
2882
2611
2331
1313
2860
1808
2256
2116
2013
2083
2540
2320
2355
1594
2527
2532
2469
2099
1873
1422
2266
1443
1901
2626
1421
1323
2878
2473
2646
2769
2601
2516
2079
2628
1286
2915
2835
1596
2601
2660
2216
2005
1256
2359
1939
1590
2814
2096
2795
2768
2006
2714
2273
2139
2368
1359
2573
2189
2745
1872
1390
2142
2451
2481
2845
2560
2666
2417
1900
2485
2012
2246
1258
2753
2522
2236
2247
2685
2747
1662
1291
2313
2338
2619
2628
2246
1732
2135
2612
2559
2298
2126
1358
1644
2223
2638
2592
1248
1370
2180
2802
2313
1991
1253
1511
2564
2140
2616
2778
1285
2294
2319
2339
1441
2157
1784
1798
2299
2529
2430
2608
2744
2249
2776
1698
2075
2757
2844
2178
1876
1601
2465
1722
2579
1778
2783
1770
2310
2740
1247
1678
2862
1702
2632
2270
2166
2440
1694
2090
2440
2117
2347
2535
1838
2097
2851
2508
2516
2246
2632
1287
2166
2192
2146
2790
2925
1953
2368
2005
2223
2502
2726
2613
2396
2432
1751
2752
2601
2273
1274
2744
2103
1275
2619
2222
2734
1590
2532
2665
1267
1904
1894
2746
1511
2945
2369
2616
2662
2390
2488
2286
2608
1809
2593
2784
2500
2478
1520
2830
2135
2391
1324
1676
1948
2794
2727
1656
1997
2465
2105
2227
2934
2796
2448
2765
2747
2690
2536
2595
2772
2809
2565
2577
2579
1583
1921
1831
2393
2373
2593
1263
2866
1771
2247
2072
1756
2031
2782
2083
2644
2548
2095
2575
2564
2537
1512
2322
2601
2810
2827
2544
1774
2076
2744
2601
2620
2452
2557
2715
2687
1617
2168
2818
2590
2524
2739
1782
1869
2327
2181
2753
2479
2277
1651
2714
2881
2610
2397
2753
2542
1561
2267
1809
2771
2340
2438
2408
2896
2452
2363
2796
2081
2623
1515
2289
2675
2861
2168
2264
2445
1859
2668
2529
2753
2574
2247
2222
2738
1480
2762
1534
1830
2519
2604
2148
2523
1338
2527
2762
2633
1875
2438
2274
2757
2270
2709
2178
1992
2601
2105
1397
2436
2782
2039
2248
2301
2761
1253
2663
2512
2195
2824
1765
2151
2705
2733
2464
2543
2396
2773
2740
2592
2526
2750
2783
2590
2308
1439
2724
1991
2602
2740
1631
2628
1536
2116
2753
2177
2592
2825
2416
2324
2488
2370
2324
1635
2554
2772
2039
2102
2508
2503
1776
2141
2800
2543
2216
2900
2708
2370
2573
2729
2555
2367
2744
2162
2102
2735
2251
1898
2190
2468
2745
2735
2664
2114
2410
2783
1944
2772
2469
2428
2686
2520
1994
2669
2288
1591
2588
2263
2555
2693
2447
2831
2506
2781
2638
1257
2029
2620
2823
2537
2521
2583
2827
2580
1657
2095
2723
2812
2861
2325
2301
2291
2803
2663
2077
2311
2099
2579
2446
2810
2621
2022
2743
2843
1585
2563
1353
2683
1562
2739
2466
2559
1986
2585
2069
2772
2818
2456
2770
1756
2759
2722
1898
1450
1831
1876
2451
2247
1892
2745
1701
2622
2541
2151
2479
1631
1578
2734
2341
2078
2061
2158
1474
2832
1258
2284
2544
2612
2485
2755
2590
2675
2659
1265
2443
2386
1677
2659
1478
2614
1781
2476
1928
2306
1361
2107
2558
2530
2096
1630
2427
2457
1732
2305
2697
1879
2820
2300
2201
2799
1849
1660
2298
1385
2894
2172
2363
2647
1306
2387
1904
2756
2391
1945
2027
1845
2770
2498
2501
2637
2833
2451
2093
2375
2906
1350
2084
2361
2741
2765
2558
1278
2081
2514
2745
2002
2741
2278
1693
2241
1746
1490
2529
2231
2807
2610
2347
2645
2638
1518
2509
2648
2488
2675
1266
1863
2474
2444
2230
2388
2585
1418
2790
1770
2377
2325
2361
2334
2371
2560
2502
2509
1927
1934
2662
2852
2463
1705
2436
1893
1292
2286
1810
1340
2164
2451
2729
1128
2246
2719
2535
1577
1735
1305
2189
2115
2457
2295
1408
2288
1501
2605
2225
2846
2500
2178
2865
2318
2368
2158
2164
2386
2087
2738
2390
1852
2464
2229
2515
2738
2591
2789
2856
2611
2229
2015
2627
2407
1776
2332
1313
2341
1493
1759
2662
1280
2282
2744
1550
2683
2286
1855
2812
2082
2525
2464
1953
2285
2097
2105
2582
2132
2562
2268
1789
1566
2795
2789
2550
2142
2254
2934
1638
2522
2742
2629
2048
2696
2593
1495
1776
2535
2376
1292
2788
2488
2404
2486
1936
2765
2827
2839
2372
1284
1777
2618
2553
2333
2570
1515
2420
1817
2615
1278
2616
1945
1568
1894
2625
2447
2609
2604
1581
2357
2439
2704
2393
2496
2777
2614
2363
2636
1683
2552
1254
2782
2608
2201
1957
2842
2399
2851
2462
2043
2411
2245
1258
2420
2632
2530
2459
2843
2145
2486
2794
2202
2767
1715
2790
2752
1934
2019
2923
2085
2368
2862
2579
2503
2827
2730
2748
1597
2733
2365
1463
1489
2399
2761
2314
1637
2414
2503
2790
2849
2707
1693
2410
2643
2823
1676
2659
2045
2344
2754
2432
1362
2273
2768
1786
1414
2570
2587
1690
1922
2820
1251
2678
2625
2608
2429
2041
2744
2549
1942
2798
1343
2447
2241
1310
2770
2221
2506
2251
2758
2718
2297
2227
2468
1637
2082
2738
1877
2684
2393
2501
1916
2431
2073
1339
2205
2574
2688
2451
2513
2796
2084
1451
2761
2795
2704
2884
1793
2183
2714
1286
2406
2139
2071
1273
2659
1703
2233
2865
2278
2440
1428
1689
2230
2863
2836
2737
2247
2800
2362
2844
2358
2110
2666
2583
2506
2746
2873
2258
1672
2739
1281
2845
2310
2236
2303
2474
2558
2737
2611
2485
2645
2772
1917
2840
2496
2677
2675
2662
2421
2864
2017
2041
2343
1372
2727
1898
2324
2870
2727
2718
2676
1484
1892
2265
2174
2590
2345
1842
2779
2247
2172
2595
2622
2358
2644
1285
1252
2287
2752
2286
2856
2220
2394
1836
2676
2382
2089
2734
1749
2409
2632
2817
2611
2047
2468
1523
2459
1419
2447
1368
2733
1594
2618
1951
1965
2064
2580
2814
2274
1973
2269
2318
2738
2038
2294
2503
2238
1457
2775
1305
2775
1855
1866
2266
2690
2085
2580
2789
2766
2278
2630
2601
2810
2434
2769
2816
2921
1868
2471
2297
2245
2602
2828
2127
2237
1384
2819
2243
1808
1701
2543
2104
2388
2664
1558
1767
2634
2523
2104
1817
2403
1915
2403
2760
2850
2353
1683
2507
2560
1271
2820
2281
2775
2246
2133
2715
2732
1362
2371
2011
2425
2369
2360
2626
2535
2727
2124
2308
2553
2841
2236
1438
1688
2324
2561
2363
1879
2355
1417
2847
2809
1423
2586
2286
2282
2536
2365
2861
2673
1746
2814
2606
2623
1802
2351
1294
2472
2158
2057
1516
1638
2810
2738
2772
1829
2618
1281
2285
2825
1991
2848
2224
2611
2648
2919
2735
2207
2542
1287
2627
2753
2840
2102
2326
2505
2291
2439
2777
2387
2244
1897
2699
2601
2397
2714
2159
2603
2263
2547
2428
2381
1926
1642
2099
2201
2504
2142
2481
1803
2103
2770
2620
2607
2382
2355
2109
2246
1924
2032
2450
2609
1284
2433
1987
2660
2307
1279
2501
2472
2381
2145
2612
2718
2323
1939
2782
2569
2172
1938
2789
2541
1556
2254
2363
2727
2388
1511
2263
2231
1316
2547
2064
2818
2107
2468
1416
1291
2562
1919
2546
2318
2788
1848
2183
2058
2388
1810
2741
2119
2181
2588
2627
2447
2546
1601
1893
2554
2714
1908
2181
2156
2758
1817
2727
2417
2767
1785
1293
1641
1669
2809
1568
2078
2354
2606
2529
1670
2704
2536
2204
2400
1344
2084
2821
2328
2167
2690
2721
2602
2565
1997
2528
1464
1904
2529
2511
2715
2627
2820
2138
2391
2091
2366
2070
2233
2876
2782
2601
2309
2534
2246
1517
2192
2253
2418
2644
2194
2307
1704
1489
1276
2539
2434
2659
2243
2704
2228
1700
2832
1634
1627
2557
2871
1893
2454
2873
2542
2623
2007
2089
2813
2140
2166
2601
2644
2366
1643
2466
2740
2558
1958
2118
2895
2098
2850
2783
1781
2755
1504
2002
2796
2272
2189
1817
2148
1738
2521
1265
2537
1973
1895
2030
2669
2564
2302
2152
2166
2289
2071
2584
1336
2268
2057
2856
2042
2019
1869
2828
2682
2550
2610
2525
2836
2233
2541
2842
2123
2715
2079
2733
2273
2755
2449
2187
2396
2845
2914
2677
2054
2752
1322
2102
2123
1970
1370
2635
2231
1917
2740
2542
2214
2190
2369
2696
1517
2825
2134
2695
2485
2739
1809
2565
1717
2543
2503
2537
1301
1409
2449
2701
1495
2929
1779
2305
2263
1904
2868
2736
2728
2516
2239
2766
2089
2222
1998
2837
1435
2873
1313
1897
1962
2521
2390
2703
2379
2085
2606
2218
2788
2755
2365
2089
2374
2917
2838
2384
2356
2142
2233
2541
2777
2872
2628
1989
2601
1733
2744
2765
2076
2626
2522
2834
1761
2849
2418
2466
1614
1267
2425
2705
2515
2648
2420
2034
1866
2717
2714
2486
2540
1779
2199
2645
1816
2385
2113
1536
2701
1355
1675
2353
2627
1468
1951
2343
2883
2481
2419
1578
1945
2411
2248
1520
2504
2037
2614
1252
1327
2743
2672
2297
2182
2744
2772
2577
1623
2694
2289
2031
1322
1745
2115
2846
2669
2434
1846
2352
2222
2614
2318
2209
2307
2722
2240
2432
2673
1826
2162
2160
2294
2567
2733
2586
1407
2854
2815
2761
1872
2751
2417
1583
2824
2195
2152
2302
1547
2421
2592
2480
2852
1516
2843
2853
2420
2761
2432
2548
2159
2843
2875
2443
1306
2096
2758
2560
1710
1365
2538
2399
2161
2922
1745
1717
1494
2505
1674
2631
2701
2347
2808
1895
1795
2222
2277
2414
2683
2842
2714
2148
2242
1553
1740
1411
2096
2280
2326
2636
2664
2669
2482
2580
2877
1552
2841
2362
2444
2573
1461
2586
2427
2006
1988
2601
2725
1866
1250
1482
1496
2267
2424
2267
2807
2263
1812
1914
2021
2770
2830
2479
2412
1517
2454
2662
2659
2785
2586
1894
2342
2484
2550
2613
2684
2265
1861
2659
2389
1768
1260
1803
2121
2601
2682
1986
1748
1434
2764
2618
2322
1621
2768
2373
1702
2849
2480
2619
2663
2145
2785
2558
1638
2827
1623
1876
2660
2808
1566
2216
2712
2678
2811
2570
2339
2387
2235
2634
1433
2391
2436
2732
2352
1623
2160
2659
1686
2441
2734
2123
1490
1678
2560
2735
2826
2753
2312
2832
2723
1628
2102
2609
2618
2364
1302
2457
2414
1635
2762
2617
2179
2566
2825
2381
2486
2567
1672
1967
2480
2274
2809
2626
2587
1664
1780
2666
2902
2090
2403
2047
2073
2829
2245
2003
2592
2584
2332
2739
2072
1701
1727
2780
2424
1859
2725
1602
1411
2452
2663
2152
2589
1860
2001
2618
1643
2601
2316
2546
2409
2456
1499
2857
2592
1637
2586
1330
2589
2868
1858
2452
2300
1512
1788
1676
2582
2675
2352
2848
1636
2733
1879
2389
2227
2572
2706
2718
2764
2395
1429
2603
2472
2091
2230
2811
2390
2506
2870
1259
1316
2477
2548
1857
1901
2195
1501
2692
2165
2796
2587
2528
2627
2677
2569
2854
2779
2168
1861
2227
2720
2817
1516
2830
1309
1858
1282
1845
2830
2531
2240
2585
2783
1587
1788
2439
1703
1258
1866
2172
2238
2132
2546
2803
2621
1599
1828
1811
1551
2759
2683
1955
2638
1255
2585
2280
1305
2153
2845
1652
2089
2815
1465
2476
2593
2815
1971
1587
1483
2679
2618
2343
2443
2764
2159
2368
2775
2456
2582
2502
2573
2068
2683
2697
1979
2486
2775
2034
2606
2108
2176
2505
2722
2728
2081
2719
2610
2781
2175
2866
2752
2761
2742
2548
2524
2595
2448
2546
2245
2830
2589
2751
2585
2772
1790
2223
1515
2840
2623
2798
2082
2821
2761
2689
2732
2685
2507
1509
2127
2247
2840
2358
2124
2351
2242
2782
2313
2388
2781
2729
2261
2388
2606
2328
2735
2578
2020
1365
2265
1978
2235
2265
1799
1852
2500
2521
2479
1723
2870
2711
1496
1843
2537
2454
2395
2722
2591
2000
2881
2105
2685
2864
2433
2426
2065
2102
1914
2410
2806
2299
2836
1877
2880
2540
2101
1654
1521
2669
2387
2807
2203
2863
1514
2357
2243
2432
2362
2113
2265
2379
2046
2548
2945
2107
2762
2461
2022
2836
2860
2419
1868
2154
1741
2834
2765
2613
2263
1349
1703
1577
2109
1719
2813
1584
1269
1710
1676
2371
2475
2623
2608
2206
2847
2739
2414
2741
2421
2675
2281
2677
2032
2302
2123
2857
2361
2613
2663
2602
2580
2340
2158
1925
2149
2355
2018
2021
2243
2162
1993
2075
2201
2683
1488
2385
1286
2832
2219
2558
2433
1599
2342
1812
2338
1762
2796
2473
2320
2291
2805
2789
1506
2579
2619
2523
2891
2087
1457
1490
2638
2817
2262
2873
2047
1674
2056
2723
2369
2733
1749
2677
2794
2153
2740
1318
2312
2840
2234
2031
2754
2410
2041
2246
1998
2192
2634
2648
2805
2479
2089
2858
2515
2633
2560
2620
2771
2869
2525
2389
2577
2240
2850
2742
2132
2169
2085
2418
2751
2507
2794
1504
2667
2816
1866
2601
2576
2566
2227
2084
2253
1853
1357
2776
2439
1239
2523
2501
2397
2554
2168
2549
1802
1695
2850
2803
1641
2209
2247
2325
2261
1976
2686
2256
2737
1418
2721
2777
1485
2865
2609
1674
2521
1261
1901
2706
2697
2770
2845
2510
2764
2594
2080
1877
2612
2810
1429
2244
1988
2838
2556
2700
2617
2451
1540
2302
2043
2615
2111
2754
2108
1984
2459
1287
2452
1873
2323
1757
1357
2468
2188
2637
2645
2448
2733
2469
2298
2220
2475
2610
2662
2432
2362
2377
2308
2494
2341
2214
2263
2178
1578
1785
2261
2161
2474
2627
2733
2391
2798
2336
2545
2658
2250
2752
1304
1852
2508
2836
2482
2542
2613
2609
2359
2660
2390
1741
1980
2719
2803
1649
1935
2730
2160
2282
1984
2871
2460
2618
2625
2620
2295
2905
2584
2248
2699
2794
1399
2759
2309
2567
2086
2470
2368
2452
2156
2495
2601
1766
2841
2691
1660
1823
2226
1832
2446
2141
1840
2669
2324
2431
2222
2632
2778
2248
2862
1325
2705
1748
1751
2188
1923
2380
1323
2269
2303
2833
2662
2358
2175
2397
1604
2666
2196
1780
2878
2810
1893
2085
2007
2689
2554
2106
1780
2563
2319
2191
2720
2725
2606
2143
1313
1346
2288
1282
2638
2807
2659
1298
2817
2601
2660
2342
2248
2861
2807
1685
2188
2556
2441
2565
2488
2899
2452
2399
2627
2230
2131
2820
2445
2325
1906
1802
2834
2808
2130
1925
1900
2799
2840
1733
1638
2623
2726
2772
2316
2682
2723
2423
2378
2140
2127
1761
1369
1957
1578
2505
2842
2811
2271
2312
2183
1298
2514
2368
2585
2377
1811
2733
2103
2644
2592
2608
2746
2456
1939
2479
2690
2218
2585
1939
2459
1453
1306
2836
2190
2812
2619
2604
2119
2433
2633
1879
2873
2593
2145
1426
2153
2307
1891
2568
2769
2248
2500
2504
1437
2861
2682
1994
2898
2425
2430
2343
2534
2368
2670
2769
2084
2663
2368
1935
2528
2228
2803
2675
2247
1815
2237
2088
2662
2644
2704
1499
2383
1451
2674
1262
2004
2560
2294
2248
1877
2801
2240
2606
2761
2132
2062
1949
2740
2712
2606
2611
2728
2733
1530
2696
2121
2859
2794
1783
1697
2532
1942
2039
2818
2087
1838
2299
2921
2858
1597
2665
2306
1782
1580
2786
2151
1477
2863
2396
2241
1904
2422
1756
1638
2790
2578
1507
2405
2208
2219
1967
2836
2786
2868
2289
2053
1854
2863
2321
1705
2470
2861
2632
2755
2046
1284
2471
2658
2363
2222
2000
2139
2500
2672
2648
2151
2452
2057
2582
1723
2536
1804
2778
2514
1386
1977
2501
2566
1796
2412
1955
1864
1959
2259
2831
2591
1298
2696
2770
2104
2375
2463
2831
2760
1765
2622
2538
2157
2744
2802
2445
2570
2810
2126
2172
2350
2880
2746
1981
1709
2512
2543
1580
2365
2509
1907
1648
2346
2801
2191
2642
2230
2614
2093
2461
2032
2436
2660
2448
2515
1858
1936
2870
2290
2579
2338
2760
1976
2417
1669
1558
2580
1263
2852
1343
2686
2285
2132
2781
2664
1776
2019
2121
2191
2938
2083
2071
2591
2056
1954
2144
2520
2384
2223
1776
1526
2864
2643
2664
2553
1342
2740
1583
2789
1716
2820
2884
2614
2802
1696
2418
2781
1906
1295
2453
1466
2746
2280
2843
2874
2782
2796
2048
2145
1848
2593
2739
2565
1258
2619
2647
2255
1251
2138
1558
2098
2234
2280
1918
1708
2749
2794
2824
2042
1854
2073
2764
2064
1300
2824
2431
1737
2638
2222
2287
2760
2405
2181
2750
2665
2742
2513
2847
1669
2726
2385
2358
1571
1830
1272
2278
2382
1761
2746
1719
2856
2061
2521
2744
2008
2611
2280
2625
2236
1755
2153
2391
2160
2302
2006
2228
2040
2844
2324
2012
2299
2269
2554
2750
1720
2835
2205
2369
2355
1965
2268
2705
2579
2084
2838
2435
2422
2636
2648
2817
2195
1763
1659
2163
2621
1866
2879
2464
2403
2558
2539
2342
2036
2389
2052
2363
2316
1968
2115
2237
1495
2140
2534
2040
2637
1622
2352
1257
2601
1694
1999
2555
2440
2226
2549
2385
1719
2043
2613
1827
2663
2169
2832
2704
2588
1338
2477
2231
2293
1500
2674
1754
2117
2858
1658
2833
2733
1703
2453
2585
2613
2806
2838
1345
1727
1646
2413
1491
1793
2499
2608
2089
2430
2589
2090
1719
2439
2695
2312
1679
2231
2675
1949
2449
2034
2317
2216
2851
2690
2113
2110
2677
2431
2148
2225
1345
2825
2628
2042
1788
2027
1622
2642
2265
2839
2501
2311
1273
2153
2698
2732
2692
2105
2463
1572
2243
1276
2368
2373
2438
2400
2509
2823
2834
2273
2399
2116
2242
2457
2287
2358
2134
1442
2614
2460
2196
2638
2452
2659
2570
2266
2111
2521
1455
2546
2690
2381
2738
2153
1667
2872
2795
2070
2757
2476
2682
2017
1260
1757
2481
2311
2536
2618
2750
1613
2697
2081
2746
2158
2632
2836
1530
1847
2739
2432
2825
1849
1948
2833
1510
2467
1753
2370
1435
1748
1549
2478
2605
2662
2744
2773
2537
1490
2735
2572
1946
2212
2349
2377
2279
2745
2730
2817
2854
2046
2556
2121
1478
2555
2107
2550
2685
2725
2787
2762
1482
1724
2699
2871
2664
2099
2549
1528
2397
2195
2085
2042
2307
2612
1904
2845
1323
1346
1498
1497
2369
2733
2519
2678
2411
2074
2466
2796
2495
2779
1996
2677
2881
2771
1635
2595
2308
2678
2092
2606
2739
1646
2121
2269
1720
1320
2601
2035
2129
2664
2684
2383
2491
1370
2544
2698
1377
2814
2170
2674
1383
2776
1656
2843
2515
2508
2511
1387
2707
2454
2612
2559
2365
2852
2794
1471
2836
2319
1590
2747
2227
1543
2882
2919
2117
2569
2779
2143
2835
2745
1722
2332
2611
2364
1562
1775
2438
2522
2241
1648
2142
2119
2151
2866
2823
2214
2078
1791
1301
2673
1445
1949
2173
2256
2499
2095
2441
2753
2269
2771
2791
1781
2519
2579
2035
2565
2303
2344
2315
2748
2287
2635
2160
2355
2442
2677
2873
2564
2365
2617
2739
2580
2406
2285
2601
1931
1252
2076
2346
1863
2613
2452
2277
2175
2394
2435
2690
2698
2356
1478
1891
2515
1734
2451
1891
2191
1502
2103
2111
2064
2689
1907
2627
1622
2413
2382
2219
2475
2546
2464
2793
1344
2522
2224
2210
1894
1871
2087
1325
1258
2541
2617
2602
1288
2713
2880
1734
2375
1955
1496
2357
2601
2770
2686
2918
2536
2837
2079
2290
2871
1642
2224
2320
2589
2468
1434
2134
2715
2861
2339
2048
2611
1726
2643
2164
2175
1942
2613
2560
1298
2734
2741
1435
2675
1614
2633
1373
2308
2558
2457
2832
2318
2618
2389
2691
2052
2810
2715
2332
1672
1676
2076
2119
1852
2749
2873
1665
2601
2830
2076
2721
2876
2212
2569
2886
1938
2589
2240
2224
2313
2375
2188
2439
2284
2536
2577
2768
2417
1537
2773
2391
1772
2881
2664
2355
2558
2823
2832
2576
1782
2886
2877
2068
1914
2438
2068
2262
2236
2777
2430
2804
2448
1744
2362
2086
2807
2742
1567
2098
2370
2069
2420
1629
2348
2841
2503
2247
2503
2705
1831
2663
1783
2817
2725
2864
1732
2239
2147
2738
1731
1401
2720
1863
2248
2510
2431
2870
1997
2410
2437
2543
2716
2557
1860
1316
2523
1849
2779
2530
2634
2181
2735
1865
2682
1901
2580
1641
2745
1720
2541
2899
1494
2875
2561
2842
1404
1898
2696
2491
1517
2536
2519
2538
1625
2352
1750
2247
2662
2278
2747
2823
2235
2797
1627
2633
2298
2411
2358
2431
2780
2612
1251
1267
2261
1293
2572
2580
1789
2808
2480
1898
2849
2815
1645
2932
2611
2601
1761
2577
2306
2098
1939
2663
2062
2648
2292
2845
2005
1838
1299
2840
2530
2662
2882
2613
2298
2439
2605
1468
1997
2821
2158
2696
1947
2016
2504
2818
2740
2819
2526
2607
1769
2732
2305
1530
2453
2005
2508
2294
2540
1776
2460
2319
1504
1281
2695
1991
1985
2394
2221
2726
2077
2556
1726
1478
2070
2456
2313
2691
2878
1791
2483
2470
2097
2851
2580
2839
2703
2812
2733
2719
1670
2583
1651
2455
2792
1793
1788
2480
1942
1754
2133
2381
1272
2767
1521
1622
2554
2532
2869
2428
1549
1518
2715
2460
2026
1937
2733
2527
2368
2225
2485
2414
1970
2370
2165
1273
2284
2542
2837
2085
2237
2321
2351
1441
2368
2803
2773
2573
1806
1431
2366
1553
2835
2846
2379
2820
2863
2520
2672
2722
2663
2747
2274
2613
2418
2300
2666
2247
2319
1753
2247
2305
1713
2516
2507
2679
1778
1653
2338
2425
2626
2263
2350
2729
2160
2252
1938
2679
2783
2733
2245
2797
2369
1942
1459
1800
2647
2580
2601
1594
2525
2811
2730
2680
1944
1467
2831
2425
2617
2514
2076
2573
2064
2539
2878
2234
2281
2643
2686
2028
1765
2568
2727
2025
1342
2508
2269
1490
2780
1485
2681
1476
1295
1775
2541
2253
2148
1841
2471
2534
1628
1850
1981
1892
2497
2185
2840
2272
2861
2169
2714
2406
2613
1578
2508
2829
2238
1398
2116
2116
2659
2768
2392
2499
2564
2525
2829
2442
2215
2733
2417
2742
2375
2377
2589
2854
2482
1610
2405
2601
1924
2704
1893
2525
2524
2228
1712
2062
1626
1504
2771
1662
2839
2664
2728
1871
2076
2428
1901
2455
2238
2759
1777
2016
2740
1254
2609
2813
1508
2798
2611
1838
2510
2522
1618
2656
1666
2822
2745
2531
1839
1688
2376
2735
2215
1777
2677
2882
2816
2800
2546
2085
2807
2721
2568
2160
2874
2435
2299
2849
2483
2746
1585
1519
2587
2644
2729
2408
2411
2100
2780
2360
1328
2208
2823
2459
2628
2368
2384
2210
2249
2683
1328
2472
2703
2487
2754
2412
2843
2244
2400
1517
2470
2531
2268
2379
2541
2425
2758
2845
2554
2441
2693
2822
2260
2481
1318
2388
2732
1935
2670
2432
2542
2236
2455
2483
2427
2673
2778
2467
2124
2636
2788
2663
2785
2785
2611
2781
2047
2730
2531
2726
1790
1844
1277
2839
1293
2707
2740
2788
2251
2272
2233
2594
2328
2295
2692
2618
2250
1462
2060
2097
1987
2555
1809
1901
2540
2320
1363
1641
2929
1683
1258
2817
2168
2373
2532
2690
2173
2637
2474
2145
2251
2880
2383
2837
2616
2266
2848
2028
2392
2165
2306
2631
2240
1731
2859
1915
2668
2231
2788
2255
2082
2881
1624
2429
1893
2224
2824
1496
1944
2147
2291
1491
2454
2791
2230
2091
2615
2252
2277
2297
2904
2628
2364
2327
2421
2552
2812
2513
2231
2085
2268
2335
1855
1704
2413
2240
1641
2410
2822
2584
1940
2089
1515
2825
2385
2856
2745
1471
2513
2095
2764
1927
2396
2735
2536
1439
2284
2775
1988
1477
2455
2721
2001
2585
2486
2581
2482
1854
2753
2461
2850
2630
1923
1813
2512
2750
2191
2282
2719
2601
2504
2248
2284
2045
2601
2602
2843
2660
1719
2079
1636
1251
1984
2718
1950
2456
2549
1980
2461
1854
2803
1566
1648
2775
2876
2542
2029
1518
2284
2269
2713
2797
2156
1967
2866
2228
1855
2875
2611
2520
2625
2861
2635
1670
2626
2084
2143
1808
2566
1868
2565
2800
2292
2754
2811
1328
2300
2774
1705
1331
2726
2363
2365
2607
2268
2427
1495
2516
2439
2706
2613
2425
1857
2519
2467
2284
2739
1384
2703
2768
2843
1419
2739
2108
2397
2226
1897
1596
2321
2244
2759
2426
2762
1827
1416
2608
2187
2531
2707
2804
1435
1915
2819
2578
2768
2668
2601
2246
2550
2146
2559
2605
2759
1496
2794
1516
1755
2548
2216
1369
2675
2877
1675
2869
1806
2406
1606
2090
1976
2267
1691
1658
1337
2360
1373
2306
2773
2723
2024
2560
1407
2812
2479
2781
2760
2401
1775
2543
2586
1757
2676
2565
2632
1725
2666
2279
2767
2026
1483
1695
1684
2479
2219
2780
2645
2257
1441
2525
2393
2082
2466
2354
1997
2841
2322
2319
2637
1418
2781
1844
2279
1851
2344
2054
2862
2620
2723
2804
2219
2886
2432
2223
2405
2524
2472
2097
2389
1510
2113
2462
1785
2831
2263
2856
1436
2553
2608
2255
1769
2585
2517
2227
2689
2055
2594
2263
2114
2607
2248
1828
1693
2751
2777
2732
1510
1310
2550
2749
2755
2845
2250
2366
2738
2635
2668
2735
2637
2777
1672
1669
1287
2069
2526
2107
2025
1774
2489
2382
2087
2841
1341
2306
2633
1523
2499
2769
2247
2247
1293
1602
2522
2196
2236
2819
2046
2495
1686
2618
2777
2542
2200
2628
2544
2603
1457
2313
2733
2535
2558
2237
2494
2607
2727
2472
1734
2228
2298
2384
2242
1663
2833
2762
2606
2493
2362
2451
2540
2075
2466
2266
1950
1713
2672
2613
2089
2742
2030
2806
2037
2768
2521
2816
2439
2669
1725
2698
1246
1998
2240
2089
2367
2754
2853
1992
2811
1991
1805
1859
1775
2560
2623
2512
1580
1419
2770
2716
2375
2549
2159
2578
2521
2676
1505
2073
2787
2668
2592
2686
2850
2192
1347
2456
1374
1582
1369
2723
2724
2319
2742
2476
2321
2520
2479
1306
2202
2825
2579
2677
2610
2746
2832
2478
1763
2134
1470
1455
2613
1553
2670
2774
2303
2375
2734
2432
2601
1329
2526
1688
2771
2118
2055
2921
2793
2643
2408
2608
2573
2377
2308
2375
2143
2076
2684
2055
1698
1252
2573
2733
2466
2627
2247
2236
2739
2728
1742
2746
1510
2518
2526
1839
2383
2769
2293
2501
2614
2647
2784
1836
2068
2294
2741
2229
2107
2311
2705
2733
1481
2595
2077
2749
2696
1751
2328
2277
1306
2508
2098
2648
2768
1868
1852
1512
2143
2573
1658
1783
2500
2751
1825
2582
2533
1493
1762
2469
2705
1892
2559
2267
2356
2737
2830
2292
2582
2416
2590
2758
2772
2873
2542
2501
2518
1401
1659
1556
2475
2725
2604
2627
2677
2303
1369
1576
2802
2834
2864
2201
1334
2623
2408
1360
2237
1491
2501
2577
2754
2502
2365
2405
2663
2393
2150
2450
2606
2395
1825
2542
2432
1927
2625
2814
2532
1906
2580
2318
2452
2602
1761
2768
1753
2601
2487
2121
2917
2371
2558
2103
2631
2809
2750
2539
2242
2770
2880
2633
1549
2601
2284
2293
2180
2249
2589
2378
2812
1479
2397
1965
2154
1779
2673
1440
1521
2716
1681
2129
2774
2086
2324
2603
2542
1267
1764
2358
2745
2147
1612
2834
2670
2371
1650
2566
2405
2062
2230
1623
2128
2672
1249
2489
2513
2260
2793
2817
1488
1859
1451
2182
2724
1815
2696
2782
2672
2770
1920
2320
2469
1894
2193
2861
2578
2367
2712
1866
1674
2544
2426
2862
2858
2637
1878
2721
2271
2723
2273
2508
2654
2408
2533
2268
2092
2284
2375
1542
2331
1250
2152
2676
2500
1892
1566
1324
2830
2516
2465
2849
2521
1800
2546
2845
2140
2645
2269
1517
1703
2631
2470
2580
2675
1648
2824
2395
1879
2433
2293
2013
2342
2298
1201
2704
2525
1508
1276
2351
2865
2098
2338
1802
2224
1252
1753
2317
2796
2666
2922
1709
2647
2263
2101
2674
1836
2266
1610
1776
2364
1846
2247
2629
2666
2687
2826
2734
2846
2706
1571
2718
2459
2657
1898
1307
2827
1587
1510
2026
2747
2745
1448
2400
1517
1865
2699
2473
2757
2662
2003
2624
1961
2519
2572
2730
2306
2879
2467
2453
2696
2828
2205
2784
1265
2746
2277
2272
2508
2253
2797
2680
2613
2264
1548
2637
2385
2294
1894
2614
2076
1476
1722
2586
1339
2259
2795
1803
2396
2272
1518
2158
2875
1374
2412
2566
1529
2842
2454
2149
2579
1682
2843
2239
1489
2791
2764
2795
1700
2381
2177
2808
2830
2023
2168
2397
2642
2867
2476
2383
1867
2149
2242
2917
2818
2748
2178
2543
2046
2737
2166
2786
2396
2466
2248
2025
1542
2441
2529
2230
2841
2006
2355
1932
2076
2238
2738
2670
2344
1263
2019
2349
2637
1759
2586
2900
2644
2713
1422
2496
2194
2459
2141
2619
1709
2292
1914
2740
2624
2173
1873
2779
2272
2881
1662
1286
2256
2735
2753
2792
2867
2627
2886
1331
2071
2796
2480
2220
2678
2718
2087
1861
2048
2491
2372
2637
1709
2456
2573
1991
2242
2360
2786
2592
2266
1325
1854
2411
2782
2234
2612
2571
2439
2527
2000
2307
2613
1863
2675
2571
2494
2063
2172
2638
2721
2099
2400
1638
2624
2479
2257
1285
2626
2020
2717
1949
2832
2535
2399
2610
2792
2529
2396
1769
1791
2612
2422
2487
1490
2587
1826
2335
1723
2606
1943
1859
1715
2498
2235
2661
1536
2819
2223
1940
2231
2126
1904
2539
2261
2841
2171
2538
1519
2739
1307
2664
1267
2779
2290
2453
2139
1472
2055
2895
2248
1310
1254
2422
2178
2294
2232
2467
2340
1681
2369
2269
1499
1528
2381
2368
2830
2862
2762
1977
2553
1340
2086
1929
2679
2557
2331
1351
2523
2747
2421
2714
2659
2291
1669
2634
2659
1266
2219
2883
2334
2322
2473
2335
2508
2347
2886
2226
2429
1730
2777
2579
1567
2072
1485
2417
2452
1679
1300
1301
2287
2549
2465
1671
2200
1690
2417
2126
2375
2226
2727
1832
2227
2250
2291
2781
2820
2747
2645
2629
2664
2620
2428
1534
2720
2190
2697
2858
2577
2738
2099
1785
1971
2584
2819
2706
1928
1860
1384
1433
2250
1894
1605
2263
1491
2537
2229
2737
2936
2686
2738
2759
2593
1894
1421
2521
2513
2786
1856
2214
1700
2040
2383
2717
2158
1518
1538
1554
2603
2618
2692
1633
2247
2295
2054
1332
2682
2445
2777
2592
2586
2291
2758
2333
2109
2531
1518
2525
2607
1257
1862
2796
1640
2642
2300
1638
2745
2131
2779
2050
2180
2070
2754
2164
2613
2376
2805
1867
2108
1311
2582
2751
2762
2571
2431
2453
2454
2700
2846
2368
2189
2550
2298
1729
2761
2422
2441
1825
2208
2844
2739
1844
1553
2777
1467
2807
2001
2759
2776
2208
2371
1729
2820
2371
2132
2286
2281
2427
2635
2356
1571
1645
2573
2659
1599
2865
2496
2638
2560
1612
2203
2329
1315
1334
2826
2857
2452
2002
2836
2870
2420
2880
1802
2895
2437
2677
1499
2711
2793
2731
2488
2818
2154
2661
2613
2784
2441
2726
2389
2233
2564
1906
2163
2732
1729
2523
2012
2421
2352
2525
2762
1578
2091
1875
2618
2745
2161
2786
2549
2854
2579
2725
2816
1651
2544
2845
2806
2565
2253
2700
2147
1719
2762
1708
2628
1863
2814
2813
2105
1957
2148
2672
2363
2529
2374
2159
1510
2149
2828
1633
2507
2588
2823
2298
1969
2796
2315
2238
1581
2453
2531
2747
2571
1761
2843
2376
1957
2402
2605
1342
2498
2793
2272
2785
2357
2448
2665
1874
2497
2142
2850
2167
2918
2722
2712
2447
2610
2608
2859
2670
2809
2417
2071
2606
1965
1891
2548
2514
2378
2419
2355
2369
2220
2049
2439
2097
2745
1283
2222
2661
1940
1340
2422
2669
2449
2308
1531
2638
2606
2448
1859
2852
2796
2579
1864
2831
2878
2784
2647
2529
2479
2664
2284
2819
2589
2246
2246
1623
1729
2684
2547
2818
2222
1608
2693
2542
2297
1503
2593
2390
2776
2273
2750
2297
2356
2247
2533
1915
1654
1452
2453
2767
2412
2615
2826
2287
2428
2744
1755
2466
2878
2704
2522
2419
2469
2760
2567
2733
2850
2567
2661
2761
1580
2230
2263
2847
2798
2537
1894
2864
1627
2160
2827
2066
2807
2464
2083
2620
1625
2790
2722
1751
2187
1712
1718
2767
2537
1923
1258
2375
2399
1488
2662
2230
2195
2215
2068
2179
2826
2817
2707
2573
2810
2374
2751
2216
2451
2643
2558
2502
2516
2608
2240
2834
2360
2744
2590
2503
1505
2710
1619
2741
1757
2374
2543
2418
2727
2176
2242
2584
1614
2528
1525
1872
2619
2514
1259
2691
2705
2638
2609
1408
2465
1138
2586
2408
2414
2812
2602
2538
2334
2254
2592
2593
2515
2829
2692
2034
2151
2179
2613
2131
2302
2562
2446
2565
1769
2094
2140
2146
1824
2069
2816
2840
1622
2253
2811
2223
2767
1385
2564
2302
2742
1717
2414
2189
2231
1550
2289
2591
2435
1374
2675
1916
2682
2352
2793
2427
2761
2547
2295
2828
2406
2617
2704
1295
2095
2166
2435
2803
2538
1331
2374
1969
2555
2239
1316
1638
2621
2712
2856
2559
2448
2513
2494
2270
2188
1471
2754
2633
2237
2692
1384
2131
2458
1944
1601
2660
2241
2711
2303
2045
1722
2021
2607
1996
2299
2564
2228
2076
1906
2376
2118
2876
2666
2862
2579
1611
1865
2311
2601
2240
1987
2372
2082
1633
2362
2741
2152
2704
2564
1568
1969
2376
2860
1643
1309
1754
2733
2152
2257
2332
2365
2732
2665
2865
1621
2238
2839
1997
2503
2307
2286
2565
2049
1716
2740
2521
2802
2391
2628
2841
2149
1795
2018
2800
2628
2388
2208
2405
2624
2497
2115
2315
2456
2231
1699
2675
2147
2502
2727
2525
2054
1841
1709
2623
2794
2097
2395
2170
2744
2777
2001
1757
1904
2286
2690
2368
2269
2809
2256
2189
2630
2431
2720
2512
2742
1921
1949
1763
2843
1635
1431
1411
2677
2747
2544
2007
2295
1767
2306
1975
2733
2369
2117
2054
2410
2316
2467
1725
2389
2579
1658
2748
2804
2232
2147
2223
2419
2265
2485
2509
1491
1311
2193
2646
2340
1704
2038
2836
2660
2291
1679
1272
2077
2519
2219
2594
2669
2460
2881
2173
2581
2037
2624
2803
1356
1767
2689
2020
2624
2226
2539
2866
2799
1670
2486
2580
2664
2343
1866
1716
2568
2395
1942
1724
1908
2528
1818
2313
2658
2255
1941
2065
2843
1400
2482
2587
2795
2541
2090
2829
1892
2277
1815
2516
2846
2740
2452
1859
2525
2375
2383
2335
2851
1921
2718
2410
2363
1704
2332
1265
2036
2461
2761
2481
2520
2581
1894
2303
2746
2386
2854
2152
2447
1652
2871
2629
2003
1667
1667
2733
1366
1906
2581
1273
2187
2503
2805
2635
2837
2369
2163
2646
2576
1758
1432
2418
2255
1371
2768
2740
2437
2277
2631
1986
2747
2082
2223
2140
2760
2665
2172
2138
2382
1275
2743
1659
1964
2310
1280
2591
2095
2414
2242
2369
2259
2472
2084
1282
2755
2659
2666
1508
2665
2738
2356
1872
2852
2780
2727
1484
2669
2631
2197
2845
2286
2216
2527
2113
2442
2412
2436
1855
2203
2605
1399
1540
2497
2128
2375
1904
1820
2712
2143
1578
2762
1677
2628
1770
2761
2787
2744
1558
2804
2589
2079
2252
2533
2314
1644
2753
1992
2274
1966
2757
2681
2670
1288
2776
2601
2309
2734
2619
2673
2836
2248
2524
2484
2498
1739
1650
2642
2696
2485
2085
2057
2384
2312
2614
1324
2385
2607
1602
2224
2562
2579
2719
2552
2356
2261
2615
2158
1519
2487
2428
2213
2885
2428
2344
1379
2843
2745
2891
2622
2390
2831
1859
2564
2917
1280
2820
2741
2085
1974
2234
2248
2836
2777
2123
2752
2775
2745
1659
1585
2000
1853
2535
1567
2504
2496
2562
1979
2300
1307
2589
2537
2561
1829
2383
2785
1949
2749
1974
2476
2410
2107
2761
2194
2565
2076
2770
1248
2747
2583
2140
2726
1426
2882
2820
2718
2312
1673
2043
2610
2552
1788
2606
2638
1536
1730
2589
2663
2110
2645
2502
2373
2108
2611
2751
2678
2473
1733
2629
2683
2735
2900
2417
2528
2780
2672
2557
2267
2713
2002
1307
2756
2625
2740
2164
2734
2830
1430
2632
2870
2550
2188
2733
2572
2754
1815
2752
2084
2608
2034
2583
1560
2418
1705
1644
2833
2672
2751
1621
2534
1287
2677
1807
1773
2753
2736
1976
2681
2618
1740
2320
1850
2726
2593
2540
2760
1774
2819
2609
1409
2530
2255
2027
2243
1623
1915
2130
1652
1551
2585
2031
1638
2610
2605
1520
2613
1690
2583
2659
2480
2539
2737
1983
2541
2382
1914
2554
2139
2684
2260
1344
2772
1729
1963
2733
2682
2638
2612
2877
1280
2790
2434
2146
1676
2014
2591
2091
2719
2256
2429
1954
2533
1354
2511
2576
2523
1952
2409
2209
2233
2811
1873
1892
2469
2667
2247
2538
2395
2771
2851
2711
1404
2664
2701
2548
2788
2939
2333
2381
2227
2810
2325
2633
2373
2686
2498
2092
2760
2093
2682
1851
1869
2438
2160
2607
2227
2358
2418
1992
1521
2095
1470
2663
2741
2738
2864
2583
2636
2826
1328
1732
2768
2373
2035
1394
2185
2410
2410
1970
1570
1536
2817
2280
2847
1991
1271
2717
2633
2681
2558
2264
2062
2465
2836
1999
2516
2634
2221
2601
1743
2848
2203
2346
2565
2273
2397
1764
1570
2480
2170
2109
2049
2587
2368
2286
2395
2134
2054
2295
2090
2450
2361
2188
1325
2215
2099
2525
2728
2250
1783
2435
1992
2573
2483
2586
1265
2272
2281
2768
2706
2574
2844
2069
2234
2409
1512
2784
2692
2173
2844
2733
1776
1904
1334
1327
2576
2587
2173
1701
2267
2405
1878
2588
2263
2682
2151
1670
2470
2408
2045
2638
2742
2601
2886
2511
1567
2473
2417
2615
2313
1693
1970
2257
2452
2546
1799
1824
2762
2849
1714
2229
2578
2237
1868
2882
2753
1689
1272
2127
2509
2842
2231
1288
2037
2467
2120
1630
2334
2306
2832
1904
1916
2789
1762
2811
2354
2618
2192
1501
2258
1261
1279
2601
2606
2397
2089
1747
2845
2029
1716
1936
2554
1559
2802
2519
1377
1576
2621
2404
2221
2567
2611
1428
2445
1765
1714
2613
2612
2138
2108
1738
2488
1721
2688
2880
1295
2192
2234
2901
2635
2674
2726
2539
2556
2587
2447
2234
2582
2557
2501
2318
1841
2005
1984
2495
2394
2840
2592
1789
2562
2081
2288
2531
2261
2482
2807
2417
2825
1785
2612
2748
2851
2849
2793
1993
2263
2111
2552
1622
2585
2116
2831
2871
2631
1772
2511
2810
2057
2778
1904
2806
2427
2799
2378
1942
2540
2410
2443
1806
2858
1503
2785
2365
1997
2111
2625
2613
2333
2485
2301
2500
2114
2803
2786
1770
2076
2753
2453
2336
2305
2630
1389
1755
2721
2786
2824
1859
2500
2212
2235
2604
2535
1727
2453
2420
2608
1512
2436
2646
2733
2662
1797
2706
2280
2658
2625
2844
1372
2601
2789
1988
2505
2735
1683
2177
2117
1408
2739
2238
1265
2826
1611
1894
2454
2354
2217
2835
2271
2368
2091
2076
2431
2096
1745
2868
2231
2388
2522
1871
1935
2626
2515
2367
2141
2621
2825
2877
2588
1540
2060
2545
1558
2634
1281
2695
2723
2471
2237
2762
2346
2630
2428
2758
1271
2139
1300
2632
2810
2805
2386
1617
2621
2543
2789
2875
1512
2449
1486
2137
1979
1445
2723
2113
1317
2203
1854
2386
1709
2618
1407
2621
2420
2781
2661
2310
1838
2750
2784
2867
1728
1525
2611
2518
2727
2411
2292
2465
1519
2680
2252
1813
2432
2825
2543
1771
1582
2840
2865
2002
2560
2601
1914
2517
2873
2278
2531
2312
1265
2535
2833
1946
2535
2780
2613
1592
2608
1916
2476
2560
2670
2681
2075
2542
2254
2077
2446
2070
2822
2455
1602
2811
1857
2350
2871
2802
1916
2669
2753
2824
2740
2274
2510
2790
2457
2743
1860
2216
2552
1771
2222
2590
2021
2860
2344
1687
2583
2824
2864
1950
2524
2261
1687
2625
2697
2453
2569
2858
2521
2171
2533
2734
2612
2632
2673
2371
2847
2774
2531
1517
2289
2697
2515
2766
2507
2181
2687
2584
2635
2880
2774
2755
2347
2677
2381
1744
2178
2307
2701
1542
1524
1894
1743
1721
2592
2110
1578
2161
2128
1487
2784
2858
2856
1848
2582
2575
2882
2821
2446
1285
2815
2861
2843
2270
2325
2669
1345
2705
2227
1991
2511
1730
2690
2809
2062
2584
2231
1510
2253
1458
2495
2321
2868
2607
2605
2442
1842
2829
2755
2732
2815
1481
2698
1737
2728
2095
2063
2503
2790
1346
2139
2353
2467
2759
1980
2869
2552
2567
2230
2553
2113
1642
1869
2452
2601
2677
2190
2258
2612
2676
2871
2149
1262
1721
1920
2540
2164
2611
2791
2237
2452
2877
2536
2766
2050
2525
2023
2062
2687
2883
2250
1994
1738
2587
2176
2048
2467
2251
2328
1322
2875
1601
2561
2677
1739
2625
1425
2592
2126
2621
1898
2320
1801
2784
2626
2811
2850
2612
1517
2662
2601
2582
2676
1439
2273
1382
1846
2620
1915
1326
2697
1409
2946
2613
2457
2076
2262
1816
1999
2587
1874
2841
2562
1313
2587
1490
2578
2229
1634
2756
2674
2624
2621
1407
2662
1577
2142
2681
1595
2549
1758
2580
2268
2817
2833
1614
1447
2102
2359
2594
2881
2141
2505
2305
2048
2460
2396
2761
2747
2747
2255
2479
2317
2825
2682
2234
2811
1908
2299
2800
2437
2588
2508
2595
1419
2774
2245
2566
2606
1810
2512
2743
2216
2453
1796
2790
2251
2838
2458
2742
2090
2180
2743
2530
2545
1842
2400
2039
1688
2070
1726
1259
2177
2233
2128
2660
1328
2095
2081
2620
2308
2588
2752
2242
2536
1779
2045
2516
2548
2675
2826
2374
1941
2041
1521
2510
2204
2086
2560
2634
2233
2436
2086
1677
2271
1392
2362
2321
2725
2232
2783
2705
2180
1686
2785
1320
2877
2572
2400
2885
2286
2552
2714
2679
2179
2140
2634
2546
2364
2774
2586
2613
1307
2486
1894
2728
1904
2840
2720
2433
2809
2553
2784
2324
2310
2356
2441
1693
2570
2810
2531
2819
1963
2565
2242
2447
2419
1579
2012
2458
2835
1388
1916
2195
2581
2474
2893
1686
2032
1863
2768
2610
2391
2225
2144
2546
1457
2295
1537
2580
2455
1923
2127
1914
2352
2341
1674
2383
1877
2694
2602
1901
2746
2393
2108
1334
1291
1865
2486
2188
2408
2564
2362
2565
1620
2867
2070
2329
2627
2611
2753
2837
2818
2053
2285
1259
2594
1870
1949
2749
2292
2412
2176
2255
2819
2246
2585
2844
2161
2161
1768
1487
2609
1657
2584
1878
1865
2886
2762
2273
1518
2781
2402
2122
1681
2872
1458
2105
2844
2669
2690
2676
2567
2866
2528
2435
2214
2546
2809
2697
2414
2331
1583
1636
1527
2240
2495
2358
2802
2620
2004
2882
2660
2611
2843
2361
2518
2601
2633
1314
2816
2384
2237
2740
2889
2258
1994
2534
2872
2860
2263
1275
2231
2802
2267
2699
2747
2210
2524
1506
1505
2389
2181
2532
2607
2579
2740
2113
2251
2048
2520
2668
2245
2733
2546
1901
2075
2683
2805
2158
2045
2787
2204
2382
2849
2335
2382
2816
2155
2736
2856
2851
2231
2866
2441
1619
2281
2745
2770
2555
2110
2740
1630
2325
2538
